41, 1
42, 2
43, 3
44, 4
45, 5
46, 6
47, 7
48, 8
49, 9
50, 10
51, 11
52, 12
53, 13
54, 14
55, 15
56, 16
57, 17
58, 18
59, 19
60, 20
61, 21
62, 22
63, 23
64, 24
65, 25
66, 26
67, 27
68, 28
69, 29
70, 30
71, 31
72, 32
73, 33
74, 34
75, 35
76, 36
77, 37
78, 38
79, 39
80, 40
81, 41
82, 42
83, 43
84, 44
85, 45
86, 46
87, 47
88, 48
89, 49
90, 50
91, 51
92, 52
93, 53
94, 54
95, 55
96, 56
97, 57
98, 58
99, 59
100, 60
101, 61
102, 62
103, 63
104, 64
105, 65
106, 66
107, 67
108, 68
109, 69
110, 70
111, 71
112, 72
113, 73
114, 74
115, 75
116, 76
117, 77
118, 78
119, 79
120, 80
121, 81
122, 82
123, 83
124, 84
125, 85
126, 86
127, 87
128, 88
129, 89
130, 90
131, 91
132, 92
133, 93
134, 94
135, 95
136, 96
137, 97
138, 98
139, 99
140, 100
141, 101
142, 102
143, 103
144, 104
145, 105
146, 106
147, 107
148, 108
149, 109
150, 110
151, 111
152, 112
153, 113
154, 114
155, 115
156, 116
157, 117
158, 118
159, 119
160, 120
161, 81
162, 82
163, 83
164, 84
165, 85
166, 86
167, 87
168, 88
169, 89
170, 90
171, 91
172, 92
173, 93
174, 94
175, 95
176, 96
177, 97
178, 98
179, 99
180, 100
181, 101
182, 102
183, 103
184, 104
185, 105
186, 106
187, 107
188, 108
189, 109
190, 110
191, 111
192, 112
193, 113
194, 114
195, 115
196, 116
197, 117
198, 118
199, 119
200, 120
201, 81
202, 82
203, 83
204, 84
205, 85
206, 86
207, 87
208, 88
209, 89
210, 90
211, 91
212, 92
213, 93
214, 94
215, 95
216, 96
217, 97
218, 98
219, 99
220, 100
221, 101
222, 102
223, 103
224, 104
225, 105
226, 106
227, 107
228, 108
229, 109
230, 110
231, 111
232, 112
233, 113
234, 114
235, 115
236, 116
237, 117
238, 118
239, 119
240, 120
241, 81
242, 82
243, 83
244, 84
245, 85
246, 86
247, 87
248, 88
249, 89
250, 90
251, 91
252, 92
253, 93
254, 94
255, 95
256, 96
257, 97
258, 98
259, 99
260, 100
261, 101
262, 102
263, 103
264, 104
265, 105
266, 106
267, 107
268, 108
269, 109
270, 110
271, 111
272, 112
273, 113
274, 114
275, 115
276, 116
277, 117
278, 118
279, 119
280, 120
281, 121
281, 122
281, 123
281, 124
281, 125
281, 126
281, 127
281, 128
281, 129
281, 130
281, 131
281, 132
281, 133
281, 134
281, 135
281, 136
281, 137
281, 138
281, 139
281, 140
281, 141
281, 142
281, 143
281, 144
281, 145
281, 146
281, 147
281, 148
281, 149
281, 150
281, 151
281, 152
281, 153
281, 154
281, 155
281, 156
281, 157
281, 158
281, 159
281, 160
282, 161
282, 162
282, 163
282, 164
282, 165
282, 166
282, 167
282, 168
282, 169
282, 170
282, 171
282, 172
282, 173
282, 174
282, 175
282, 176
282, 177
282, 178
282, 179
282, 180
282, 181
282, 182
282, 183
282, 184
282, 185
282, 186
282, 187
282, 188
282, 189
282, 190
282, 191
282, 192
282, 193
282, 194
282, 195
282, 196
282, 197
282, 198
282, 199
282, 200
283, 161
283, 162
283, 163
283, 164
283, 165
283, 166
283, 167
283, 168
283, 169
283, 170
283, 171
283, 172
283, 173
283, 174
283, 175
283, 176
283, 177
283, 178
283, 179
283, 180
283, 181
283, 182
283, 183
283, 184
283, 185
283, 186
283, 187
283, 188
283, 189
283, 190
283, 191
283, 192
283, 193
283, 194
283, 195
283, 196
283, 197
283, 198
283, 199
283, 200
283, 201
283, 202
283, 203
283, 204
283, 205
283, 206
283, 207
283, 208
283, 209
283, 210
283, 211
283, 212
283, 213
283, 214
283, 215
283, 216
283, 217
283, 218
283, 219
283, 220
283, 221
283, 222
283, 223
283, 224
283, 225
283, 226
283, 227
283, 228
283, 229
283, 230
283, 231
283, 232
283, 233
283, 234
283, 235
283, 236
283, 237
283, 238
283, 239
283, 240
284, 161
284, 162
284, 163
284, 164
284, 165
284, 166
284, 167
284, 168
284, 169
284, 170
284, 171
284, 172
284, 173
284, 174
284, 175
284, 176
284, 177
284, 178
284, 179
284, 180
284, 181
284, 182
284, 183
284, 184
284, 185
284, 186
284, 187
284, 188
284, 189
284, 190
284, 191
284, 192
284, 193
284, 194
284, 195
284, 196
284, 197
284, 198
284, 199
284, 200
284, 201
284, 202
284, 203
284, 204
284, 205
284, 206
284, 207
284, 208
284, 209
284, 210
284, 211
284, 212
284, 213
284, 214
284, 215
284, 216
284, 217
284, 218
284, 219
284, 220
284, 221
284, 222
284, 223
284, 224
284, 225
284, 226
284, 227
284, 228
284, 229
284, 230
284, 231
284, 232
284, 233
284, 234
284, 235
284, 236
284, 237
284, 238
284, 239
284, 240
284, 241
284, 242
284, 243
284, 244
284, 245
284, 246
284, 247
284, 248
284, 249
284, 250
284, 251
284, 252
284, 253
284, 254
284, 255
284, 256
284, 257
284, 258
284, 259
284, 260
284, 261
284, 262
284, 263
284, 264
284, 265
284, 266
284, 267
284, 268
284, 269
284, 270
284, 271
284, 272
284, 273
284, 274
284, 275
284, 276
284, 277
284, 278
284, 279
284, 280
285, 121
285, 122
285, 123
285, 124
285, 125
285, 126
285, 127
285, 128
285, 129
285, 130
285, 131
285, 132
285, 133
285, 134
285, 135
285, 136
285, 137
285, 138
285, 139
285, 140
285, 141
285, 142
285, 143
285, 144
285, 145
285, 146
285, 147
285, 148
285, 149
285, 150
285, 151
285, 152
285, 153
285, 154
285, 155
285, 156
285, 157
285, 158
285, 159
285, 160
286, 161
286, 162
286, 163
286, 164
286, 165
286, 166
286, 167
286, 168
286, 169
286, 170
286, 171
286, 172
286, 173
286, 174
286, 175
286, 176
286, 177
286, 178
286, 179
286, 180
286, 181
286, 182
286, 183
286, 184
286, 185
286, 186
286, 187
286, 188
286, 189
286, 190
286, 191
286, 192
286, 193
286, 194
286, 195
286, 196
286, 197
286, 198
286, 199
286, 200
287, 201
287, 202
287, 203
287, 204
287, 205
287, 206
287, 207
287, 208
287, 209
287, 210
287, 211
287, 212
287, 213
287, 214
287, 215
287, 216
287, 217
287, 218
287, 219
287, 220
287, 221
287, 222
287, 223
287, 224
287, 225
287, 226
287, 227
287, 228
287, 229
287, 230
287, 231
287, 232
287, 233
287, 234
287, 235
287, 236
287, 237
287, 238
287, 239
287, 240
288, 81
288, 82
288, 83
288, 84
288, 85
288, 86
288, 87
288, 88
288, 89
288, 90
288, 91
288, 92
288, 93
288, 94
288, 95
288, 96
288, 97
288, 98
288, 99
288, 100
288, 101
288, 102
288, 103
288, 104
288, 105
288, 106
288, 107
288, 108
288, 109
288, 110
288, 111
288, 112
288, 113
288, 114
288, 115
288, 116
288, 117
288, 118
288, 119
288, 120
289, 281
289, 282
289, 283
289, 284
289, 285
289, 286
289, 287
289, 288
